   0.0000000000000000        0.0000000000000000     
   2.0000000000000000E-002   2.3782711668465414E-008
   4.0000000000000001E-002   2.5610399702073159E-008
   5.9999999999999998E-002   4.8419871912259330E-008
   8.0000000000000002E-002   4.0590579322913835E-007
  0.10000000000000001        1.1857870586055696E-007
  0.12000000000000001        1.2687520562816702E-007
  0.14000000000000001        3.1873378615077998E-007
  0.16000000000000000        2.2135360617642454E-008
  0.17999999999999999        2.2166506553325618E-006
  0.19999999999999998        1.8275419061305183E-006
  0.21999999999999997        3.1932632306955905E-006
  0.23999999999999996        9.4226400293128528E-009
  0.25999999999999995        1.0984228363406719E-007
  0.27999999999999997        4.7674164809223705E-006
  0.29999999999999999        4.7095445418264561E-006
  0.32000000000000001        6.0693145018847154E-006
  0.34000000000000002        6.7675657201929181E-006
  0.36000000000000004        7.4834906535164786E-006
  0.38000000000000006        8.4325476487222305E-006
  0.40000000000000008        8.6040212179208149E-006
  0.42000000000000010        9.0459663423731565E-006
  0.44000000000000011        9.4212854729650608E-006
  0.46000000000000013        9.3426203513041966E-006
  0.48000000000000015        9.5289106579006819E-006
  0.50000000000000011        8.2445015239484314E-006
  0.52000000000000013        1.3867411648853926E-005
  0.54000000000000015        5.3578655731118705E-006
  0.56000000000000016        3.0902224354645495E-006
  0.58000000000000018        2.6635649663401904E-008
  0.60000000000000020        2.4107567168446243E-005
  0.62000000000000022        4.3982924707646052E-008
  0.64000000000000024        1.9025875190250960     
  0.66000000000000025        1.8967234103086916     
  0.68000000000000027        1.8907165815844196     
  0.70000000000000029        1.8845700824494604     
  0.72000000000000031        1.8782870022539444     
  0.74000000000000032        1.8718704665637138     
  0.76000000000000034        1.8653236336504369     
  0.78000000000000036        1.8586496909984485     
  0.80000000000000038        1.8518518518518663     
  0.82000000000000040        1.8449333517826674     
  0.84000000000000041        1.8378974453225514     
  0.86000000000000043        1.8307474026278510     
  0.88000000000000045        1.8234865061998542     
  0.90000000000000047        1.8161180476732230     
  0.92000000000000048        1.8086453246518361     
  0.94000000000000050        1.8010716376243860     
  0.96000000000000052        1.7934002869440462     
  0.98000000000000054        1.7856345698852727     
   1.0000000000000004        1.7777777777777781     
   1.0200000000000005        1.7698331932215106     
   1.0400000000000005        1.7618040873854561     
   1.0600000000000005        1.7536937173922573     
   1.0800000000000005        1.7455053237941276     
   1.1000000000000005        1.7372421281213055     
   1.1200000000000006        1.7289073305905220     
   1.1400000000000006        1.7205041077036705     
   1.1600000000000006        1.7120356103397931     
   1.1800000000000006        1.7035049614584432     
   1.2000000000000006        1.6949152542372885     
   1.2200000000000006        1.6862695501868414     
   1.2400000000000007        1.6775708773695688     
   1.2600000000000007        1.6688222287120857     
   1.2800000000000007        1.6600265604249667     
   1.3000000000000007        1.6511867905179081     
   1.3200000000000007        1.6423057973394639     
   1.3400000000000007        1.6333864183919307     
   1.3600000000000008        1.6244314489928529     
   1.3800000000000008        1.6154436412099682     
   1.4000000000000008        1.6064257028112432     
   1.4200000000000008        1.5973802963140533     
   1.4400000000000008        1.5883100381194404     
   1.4600000000000009        1.5792174975780746     
   1.4800000000000009        1.5701051970484414     
   1.5000000000000009        1.5609756097560965     
   1.5200000000000009        1.5518311607697093     
   1.5400000000000009        1.5426742257691863     
   1.5600000000000009        1.5335071308090249     
   1.5800000000000010        1.5243321519761679     
   1.6000000000000010        1.5151515151516275     
   1.6200000000000010        1.5059673958058806     
   1.6400000000000010        1.4967819188748746     
   1.6600000000000010        1.4875971586894281     
   1.6800000000000010        1.4784151389710170     
   1.7000000000000011        1.4692378328734834     
   1.7200000000000011        1.4600671630894415     
   1.7400000000000011        1.4509050019949945     
   1.7600000000000011        1.4417531718566292     
   1.7800000000000011        1.4326134450771544     
   1.8000000000000012        1.4234875444839286     
   1.8200000000000012        1.4143771436652226     
   1.8400000000000012        1.4052838673410872     
   1.8600000000000012        1.3962092917725897     
   1.8800000000000012        1.3871549452075225     
   1.9000000000000012        1.3781223083543761     
   1.9200000000000013        1.3691128148984022     
   1.9400000000000013        1.3601278520179823     
   1.9600000000000013        1.3511687609782892     
   1.9800000000000013        1.3422368376900098     
   0.0000000000000000        0.0000000000000000     
   2.0000000000000000E-002   6.2930549564953258E-007
   4.0000000000000001E-002   7.9388547347789997E-007
   5.9999999999999998E-002   6.4801830820738406E-006
   8.0000000000000002E-002   2.5760693026114202E-005
  0.10000000000000001        6.4784005374017539E-006
  0.12000000000000001        5.3803385042380161E-005
  0.14000000000000001        8.5175626578022164E-006
  0.16000000000000000        7.6842446750304123E-006
  0.17999999999999999        1.8066876922359407E-005
  0.19999999999999998        4.5726480919919999E-005
  0.21999999999999997        7.0750585581105861E-005
  0.23999999999999996        1.3804283838009639E-004
  0.25999999999999995        8.4697781614406165E-005
  0.27999999999999997        1.2693357031060790E-004
  0.29999999999999999        4.6710212961473975E-005
  0.32000000000000001        1.1332107979418014E-004
  0.34000000000000002        1.0633727268838248E-004
  0.36000000000000004        1.0568717269616711E-004
  0.38000000000000006        6.0296117354810148E-005
  0.40000000000000008        5.5767723453729903E-005
  0.42000000000000010        9.6852756601643028E-006
  0.44000000000000011        8.3333201458181686E-006
  0.46000000000000013        2.2222593491213665E-005
  0.48000000000000015        2.0210949359986089E-005
  0.50000000000000011        6.9406712963566690E-006
  0.52000000000000013        1.0335107534931821E-005
  0.54000000000000015        6.0648029589965985E-006
  0.56000000000000016        1.6876162858869515E-008
  0.58000000000000018        5.7569652415194971E-007
  0.60000000000000020        2.3013580258842573E-007
  0.62000000000000022        1.0951292298658419E-006
  0.64000000000000024        125.00000000000004     
  0.66000000000000025        125.00000000000003     
  0.68000000000000027        125.00000000006028     
  0.70000000000000029        125.00000000000006     
  0.72000000000000031        125.00000000000000     
  0.74000000000000032        125.00000000000003     
  0.76000000000000034        124.99999999999997     
  0.78000000000000036        124.99999999999994     
  0.80000000000000038        124.99999999999999     
  0.82000000000000040        125.00000000000003     
  0.84000000000000041        125.00000000000006     
  0.86000000000000043        125.00000000000001     
  0.88000000000000045        125.00000000000003     
  0.90000000000000047        125.00000000000000     
  0.92000000000000048        125.00000000000004     
  0.94000000000000050        125.00000000000000     
  0.96000000000000052        125.00000000000000     
  0.98000000000000054        124.99999999999997     
   1.0000000000000004        125.00000000000001     
   1.0200000000000005        124.99999999999999     
   1.0400000000000005        125.00000000008127     
   1.0600000000000005        124.99999999999997     
   1.0800000000000005        124.99999999999997     
   1.1000000000000005        124.99999999999999     
   1.1200000000000006        124.99999999999918     
   1.1400000000000006        125.00000000000001     
   1.1600000000000006        124.99999999999999     
   1.1800000000000006        125.00000000000288     
   1.2000000000000006        124.99999999579836     
   1.2200000000000006        124.99999999999997     
   1.2400000000000007        125.00000000000003     
   1.2600000000000007        124.99999999999997     
   1.2800000000000007        125.00000000000000     
   1.3000000000000007        125.00000000000003     
   1.3200000000000007        124.99999999999997     
   1.3400000000000007        125.00000000002559     
   1.3600000000000008        125.00000000000006     
   1.3800000000000008        124.99999999997873     
   1.4000000000000008        125.00000000000004     
   1.4200000000000008        125.00000000010483     
   1.4400000000000008        124.99999999999999     
   1.4600000000000009        124.99999999999991     
   1.4800000000000009        125.00000000000004     
   1.5000000000000009        125.00000000000152     
   1.5200000000000009        125.00000000000001     
   1.5400000000000009        124.99999999962751     
   1.5600000000000009        124.99999999999999     
   1.5800000000000010        125.00000000000001     
   1.6000000000000010        124.99999999999908     
   1.6200000000000010        125.00000000037024     
   1.6400000000000010        125.00000000000001     
   1.6600000000000010        124.99999999999621     
   1.6800000000000010        124.99999999999855     
   1.7000000000000011        124.99999999996011     
   1.7200000000000011        125.00000000000122     
   1.7400000000000011        125.00000000016186     
   1.7600000000000011        125.00000000000000     
   1.7800000000000011        124.99999999999245     
   1.8000000000000012        125.00000000001067     
   1.8200000000000012        125.00000000000001     
   1.8400000000000012        125.00000000003354     
   1.8600000000000012        125.00000000000003     
   1.8800000000000012        124.99999999999996     
   1.9000000000000012        125.00000000016139     
   1.9200000000000013        125.00000000002194     
   1.9400000000000013        125.00000000000009     
   1.9600000000000013        124.99999999996540     
   1.9800000000000013        125.00000000002198     
   0.0000000000000000        0.0000000000000000     
   2.0000000000000000E-002   1.5344413497993664E-007
   4.0000000000000001E-002   6.2726452313515663E-006
   5.9999999999999998E-002   1.2414520445450123E-005
   8.0000000000000002E-002   2.6277269096987944E-005
  0.10000000000000001        2.6066344275184157E-006
  0.12000000000000001        4.1083563055430628E-005
  0.14000000000000001        3.0888585709713470E-005
  0.16000000000000000        4.4927754484044514E-005
  0.17999999999999999        4.8633315129350537E-007
  0.19999999999999998        4.1392740693846175E-005
  0.21999999999999997        1.3274765575664694E-004
  0.23999999999999996        2.1020246486504952E-004
  0.25999999999999995        2.7661555345417942E-005
  0.27999999999999997        2.7023797323591731E-004
  0.29999999999999999        2.4279268876229723E-004
  0.32000000000000001        3.5808095424205906E-004
  0.34000000000000002        4.5207920734148825E-004
  0.36000000000000004        4.6399685132481381E-004
  0.38000000000000006        4.4991646843130771E-004
  0.40000000000000008        5.9234040482498930E-004
  0.42000000000000010        6.6246571612506094E-004
  0.44000000000000011        7.3239457084475735E-004
  0.46000000000000013        8.0827033974918206E-004
  0.48000000000000015        8.8641074931881676E-004
  0.50000000000000011        7.7476696789010376E-004
  0.52000000000000013        1.1279827005416412E-003
  0.54000000000000015        1.2251813271727486E-003
  0.56000000000000016        1.4563778009315115E-003
  0.58000000000000018        1.3680575541238002E-003
  0.60000000000000020        2.1973493642109573E-003
  0.62000000000000022        3.6461810877948166E-003
  0.64000000000000024        125.00000000000004     
  0.66000000000000025        125.00000000000003     
  0.68000000000000027        125.00000000000004     
  0.70000000000000029        125.00000000000006     
  0.72000000000000031        125.00000000000000     
  0.74000000000000032        125.00000000000000     
  0.76000000000000034        125.00000000000006     
  0.78000000000000036        125.00000000000001     
  0.80000000000000038        125.00000000002487     
  0.82000000000000040        125.00000000000003     
  0.84000000000000041        125.00000000000013     
  0.86000000000000043        125.00000000000001     
  0.88000000000000045        125.00000000000003     
  0.90000000000000047        125.00000000000000     
  0.92000000000000048        125.00000000000000     
  0.94000000000000050        125.00000000000021     
  0.96000000000000052        125.00000000000000     
  0.98000000000000054        124.99999999999997     
   1.0000000000000004        125.00000000000001     
   1.0200000000000005        124.99999999999999     
   1.0400000000000005        124.99999999999999     
   1.0600000000000005        125.00000000000547     
   1.0800000000000005        124.99999999968539     
   1.1000000000000005        124.99999999999999     
   1.1200000000000006        125.00000000003071     
   1.1400000000000006        124.99999999999989     
   1.1600000000000006        125.00000000000001     
   1.1800000000000006        125.00000000000823     
   1.2000000000000006        125.00000000000000     
   1.2200000000000006        124.99999999996756     
   1.2400000000000007        125.00000000000003     
   1.2600000000000007        124.99999999998970     
   1.2800000000000007        124.99999999988887     
   1.3000000000000007        124.99999999995886     
   1.3200000000000007        124.99999999989565     
   1.3400000000000007        125.00000000000239     
   1.3600000000000008        124.99999999997161     
   1.3800000000000008        124.99999999976599     
   1.4000000000000008        124.99999999999899     
   1.4200000000000008        124.99999999993845     
   1.4400000000000008        124.99999999999999     
   1.4600000000000009        125.00000000000000     
   1.4800000000000009        125.00000000003634     
   1.5000000000000009        125.00000000002498     
   1.5200000000000009        125.00000000047896     
   1.5400000000000009        125.00000000000011     
   1.5600000000000009        124.99999999999999     
   1.5800000000000010        124.99999999579818     
   1.6000000000000010        124.99999999999966     
   1.6200000000000010        124.99999999999967     
   1.6400000000000010        124.99999999999991     
   1.6600000000000010        125.00000000001236     
   1.6800000000000010        124.99999999999680     
   1.7000000000000011        125.00000000000024     
   1.7200000000000011        124.99999999999993     
   1.7400000000000011        124.99999999999973     
   1.7600000000000011        124.99999999968230     
   1.7800000000000011        124.99999999998616     
   1.8000000000000012        125.00000000023837     
   1.8200000000000012        124.99999999999575     
   1.8400000000000012        125.00000000000006     
   1.8600000000000012        125.00000000000003     
   1.8800000000000012        125.00000000000618     
   1.9000000000000012        125.00000000000644     
   1.9200000000000013        124.99999999999996     
   1.9400000000000013        124.99999999995114     
   1.9600000000000013        124.99999999997533     
   1.9800000000000013        124.99999999999993     
   0.0000000000000000        0.0000000000000000     
  0.66666666666666663        125.00000000000003     
   1.3333333333333333        125.00000000000321     
   0.0000000000000000        0.0000000000000000     
  0.66666666666666663        125.00000000000003     
   1.3333333333333333        124.99999999999997     
   0.0000000000000000        0.0000000000000000     
  0.66666666666666663        125.00000000000003     
   1.3333333333333333        124.99999999999997     
   0.0000000000000000        0.0000000000000000     
  0.66666666666666663        125.00000000000003     
   1.3333333333333333        124.99999999999997     
